Fila 2 ---> {}
Fila 3 ---> {}
Fila 4 ---> {}
Fila 5 ---> {4}
Fila 6 ---> {4,5}
Fila 7 ---> {4,5,6}
Fila 8 ---> {4,5,6,7}
Fila 9 ---> {4,5,6,7,8}
Fila 10 ---> {4,5,6,7,8,9}
Fila 11 ---> {4,5,6,7,8,9,10}
Fila 12 ---> {4,5,6,7,8,9,10,11}
Fila 13 ---> {4,5,6,7,8,9,10,11,12}
Fila 14 ---> {4,5,6,7,8,9,10,11,12,13}
Fila 15 ---> {4,5,6,7,8,9,10,11,12,13,14}
Fila 16 ---> {4,5,6,7,8,9,10,11,12,13,14,15}
Fila 17 ---> {4,5,6,7,8,9,10,11,12,13,14,15,16}
Fila 18 ---> {4,5,6,7,8,9,10,11,12,13,14,15,16,17}
Fila 19 ---> {4,5,6,7,8,9,10,11,12,13,14,15,16,17,18}
Fila 20 ---> {4,5,6,7,8,9,10,11,12,13,14,15,16,17,18,19}
Fila 21 ---> {4,5,6,7,8,9,10,11,12,13,14,15,16,17,18,19,20}
Fila 22 ---> {4,5,6,7,8,9,10,11,12,13,14,15,16,17,18,19,20,21}
Fila 23 ---> {4,5,6,7,8,9,10,11,12,13,14,15,16,17,18,19,20,21,22}
Fila 24 ---> {4,5,6,7,8,9,10,11,12,13,14,15,16,17,18,19,20,21,22,23}
Fila 25 ---> {4,5,6,7,8,9,10,11,12,13,14,15,16,17,18,19,20,21,22,23,24}
Fila 26 ---> {4,5,6,7,8,9,10,11,12,13,14,15,16,17,18,19,20,21,22,23,24,25}
Fila 27 ---> {4,5,6,7,8,9,10,11,12,13,14,15,16,17,18,19,20,21,22,23,24,25,26}
Fila 28 ---> {4,5,6,7,8,9,10,11,12,13,14,15,16,17,18,19,20,21,22,23,24,25,26,27}
Fila 29 ---> {4,5,6,7,8,9,10,11,12,13,14,15,16,17,18,19,20,21,22,23,24,25,26,27,28}
Fila 30 ---> {4,5,6,7,8,9,10,11,12,13,14,15,16,17,18,19,20,21,22,23,24,25,26,27,28,29}
Fila 31 ---> {4,5,6,7,8,9,10,11,12,13,14,15,16,17,18,19,20,21,22,23,24,25,26,27,28,29,30}
Fila 32 ---> {4,5,6,7,8,9,10,11,12,13,14,15,16,17,18,19,20,21,22,23,24,25,26,27,28,29,30,31}
Fila 33 ---> {4,5,6,7,8,9,10,11,12,13,14,15,16,17,18,19,20,21,22,23,24,25,26,27,28,29,30,31,32}
Fila 34 ---> {4,5,6,7,8,9,10,11,12,13,14,15,16,17,18,19,20,21,22,23,24,25,26,27,28,29,30,31,32,33}
Fila 35 ---> {4,5,6,7,8,9,10,11,12,13,14,15,16,17,18,19,20,21,22,23,24,25,26,27,28,29,30,31,32,33,34}
Fila 36 ---> {4,5,6,7,8,9,10,11,12,13,14,15,16,17,18,19,20,21,22,23,24,25,26,27,28,29,30,31,32,33,34,35}
Fila 37 ---> {4,5,6,7,8,9,10,11,12,13,14,15,16,17,18,19,20,21,22,23,24,25,26,27,28,29,30,31,32,33,34,35,36}
Fila 38 ---> {4,5,6,7,8,9,10,11,12,13,14,15,16,17,18,19,20,21,22,23,24,25,26,27,28,29,30,31,32,33,34,35,36,37}
Fila 39 ---> {4,5,6,7,8,9,10,11,12,13,14,15,16,17,18,19,20,21,22,23,24,25,26,27,28,29,30,31,32,33,34,35,36,37,38}
Fila 40 ---> {4,5,6,7,8,9,10,11,12,13,14,15,16,17,18,19,20,21,22,23,24,25,26,27,28,29,30,31,32,33,34,35,36,37,38,39}

